<?xml version="1.0"?>
<opencv_storage>
<calibration_Time>"vie 06 mar 2020 18:46:33 CET"</calibration_Time>
<nrOfFrames>25</nrOfFrames>
<image_Width>640</image_Width>
<image_Height>480</image_Height>
<board_Width>9</board_Width>
<board_Height>6</board_Height>
<square_Size>23.</square_Size>
<FixAspectRatio>1.</FixAspectRatio>
<!-- flags:  +fix_aspectRatio +fix_principal_point +zero_tangent_dist -->
<flagValue>14</flagValue>
<Camera_Matrix type_id="opencv-matrix">
  <rows>3</rows>
  <cols>3</cols>
  <dt>d</dt>
  <data>
    7.0812951730733982e+02 0. 320. 0. 7.0812951730733982e+02 240. 0. 0.
    1.</data></Camera_Matrix>
<Distortion_Coefficients type_id="opencv-matrix">
  <rows>5</rows>
  <cols>1</cols>
  <dt>d</dt>
  <data>
    5.0656682165430515e-03 1.3822373481250485e+00 0. 0.
    -7.6129064883070257e+00</data></Distortion_Coefficients>
<Avg_Reprojection_Error>3.4796862421923819e-01</Avg_Reprojection_Error>
<Per_View_Reprojection_Errors type_id="opencv-matrix">
  <rows>25</rows>
  <cols>1</cols>
  <dt>f</dt>
  <data>
    2.33005151e-01 2.15757698e-01 1.98852181e-01 2.11754709e-01
    2.59841651e-01 4.87730294e-01 3.50897402e-01 4.52138662e-01
    3.09527665e-01 2.71679997e-01 2.72158772e-01 2.49153480e-01
    2.29062721e-01 2.77766347e-01 3.08559388e-01 7.71336138e-01
    5.66504836e-01 4.31279451e-01 3.87964368e-01 2.92275906e-01
    2.93577909e-01 2.78700203e-01 2.69996434e-01 2.22867325e-01
    2.32408583e-01</data></Per_View_Reprojection_Errors>
<!-- a set of 6-tuples (rotation vector + translation vector) for each view -->
<Extrinsic_Parameters type_id="opencv-matrix">
  <rows>25</rows>
  <cols>6</cols>
  <dt>d</dt>
  <data>
    -2.4999812064119650e-01 1.8550300804172800e-02
    -2.9414384779264571e-02 -6.4534726660769664e+01
    -2.2618121365856862e+01 4.9125270057247900e+02
    -2.4562818114049220e-01 1.7683981929435967e-02
    -2.0014423357241511e-02 -6.1615630783361823e+01
    -2.0219384840274106e+01 4.8700398736745467e+02
    -2.3514902620659858e-01 2.5728048692574598e-02
    -1.3490773740645837e-02 -6.1344622936090666e+01
    -2.0734144309283653e+01 4.8382675406675372e+02
    -2.4390402981734349e-01 2.8623324989492327e-02
    -1.3433229262890445e-02 -6.1921848497698647e+01
    -2.1618885507459702e+01 4.8377896215391070e+02
    -2.5052088753427537e-01 3.8433289744135173e-02
    3.7066055488211868e-03 -6.1172644483310918e+01
    -2.4817299296107429e+01 4.8216271354873714e+02
    -2.3940343740935463e-01 6.1502612071119352e-02
    5.9360913007408013e-02 -5.6033918702501595e+01
    -2.7455202203357207e+01 4.7601778389604488e+02
    -2.5412907186306877e-01 6.4168952518656064e-02
    1.0521598142862207e-01 -4.9164886292411708e+01
    -2.8250664983685173e+01 4.7306489976532362e+02
    -2.3935327341760898e-01 3.7992487531790090e-02
    1.1608573005786552e-01 -4.4092290629849096e+01
    -3.1090730118943195e+01 4.6916694292732683e+02
    -2.3639270449358452e-01 3.0557675529908606e-02
    1.4957755451880619e-01 -3.7021160520386822e+01
    -3.5715301858760185e+01 4.6887370378688530e+02
    -2.1823385321426667e-01 9.0019483462311263e-03
    2.0971904375432182e-01 -2.7344827965941253e+01
    -4.6569094618888251e+01 4.6600635490892461e+02
    -2.0994969310739658e-01 -1.5946610128632875e-02
    2.6713867540537162e-01 -1.6539975723961771e+01
    -5.4129527679489485e+01 4.6403647797546529e+02
    -2.1663597383279037e-01 -3.3370701024577482e-02
    3.1127910244010853e-01 -9.7162879468780030e+00
    -5.9635780817845323e+01 4.6648747903143993e+02
    -2.2457695336656686e-01 -4.0149812736867525e-02
    3.3309525224279851e-01 -6.6183054142907425e+00
    -6.2040698711645490e+01 4.6790860463592196e+02
    -2.2604094777305878e-01 -5.3414125489446074e-02
    3.7859515521838744e-01 4.6263424505821460e-01
    -6.8485354063586982e+01 4.6905259635514307e+02
    -2.3070925428604855e-01 -6.4352805573616667e-02
    3.8209626624990867e-01 1.4160841148436878e+00
    -7.0710303939868382e+01 4.6913535285990571e+02
    -2.3194630703434371e-01 -5.7784758524084594e-02
    3.0307586846587597e-01 -4.2249330620848058e+00
    -6.9707291454601588e+01 4.6753007436273026e+02
    -1.9861981081355332e-01 -4.1483518331667017e-02
    1.6946548499320382e-01 -1.6295499589945340e+01
    -6.2144426887190299e+01 4.6120619187106792e+02
    -2.3243247317172869e-01 -2.4698088881333520e-02
    6.9567439867844166e-02 -2.4903869009512707e+01
    -5.0847292078598670e+01 4.6874966152267672e+02
    -2.0715462952892635e-01 -3.4323208116568927e-03
    -3.5153702443623452e-02 -3.7215083372705315e+01
    -3.7836581036175950e+01 4.6561657409873123e+02
    -2.3585081859725052e-01 5.3066256395174882e-03
    -9.8402984595462498e-02 -4.5693391547941722e+01
    -3.0390871737147165e+01 4.6929480819157322e+02
    -2.2834738980422087e-01 6.4488863602594993e-03
    -1.4751240165533913e-01 -4.9969701367533190e+01
    -2.5235456771592396e+01 4.6795259823202127e+02
    -2.1650706491472260e-01 1.2576990088608677e-02
    -2.4366467318552520e-01 -5.5101017891850546e+01
    -1.0660737534697358e+01 4.6495335612042743e+02
    -2.1169572884923768e-01 1.0984867200177009e-02
    -2.8296153980966510e-01 -5.6306651522439566e+01
    -4.0533198166514435e+00 4.6325035593984404e+02
    -2.0908028913402563e-01 8.9553066945564745e-03
    -3.2011556514727085e-01 -5.6956133612970611e+01
    1.5599011661842010e+00 4.6261821704180261e+02
    -2.1116891354252909e-01 5.8263547194336209e-03
    -3.2272001821152640e-01 -5.7327373960728828e+01
    1.1590489827804766e+00 4.6275007347985439e+02</data></Extrinsic_Parameters>
