<?xml version="1.0"?>
<opencv_storage>
<calibration_Time>"mar 18 feb 2020 19:29:07 CET"</calibration_Time>
<nrOfFrames>40</nrOfFrames>
<image_Width>640</image_Width>
<image_Height>480</image_Height>
<board_Width>9</board_Width>
<board_Height>6</board_Height>
<square_Size>23.</square_Size>
<FixAspectRatio>1.</FixAspectRatio>
<!-- flags:  +fix_aspectRatio +fix_principal_point +zero_tangent_dist -->
<flagValue>14</flagValue>
<Camera_Matrix type_id="opencv-matrix">
  <rows>3</rows>
  <cols>3</cols>
  <dt>d</dt>
  <data>
    6.0792607673721375e+02 0. 320. 0. 6.0792607673721375e+02 240. 0. 0.
    1.</data></Camera_Matrix>
<Distortion_Coefficients type_id="opencv-matrix">
  <rows>5</rows>
  <cols>1</cols>
  <dt>d</dt>
  <data>
    7.0294911765856227e-02 -1.7503463345050715e-01 0. 0.
    -3.0096854234150250e-01</data></Distortion_Coefficients>
<Avg_Reprojection_Error>2.8822980009073673e-01</Avg_Reprojection_Error>
<Per_View_Reprojection_Errors type_id="opencv-matrix">
  <rows>40</rows>
  <cols>1</cols>
  <dt>f</dt>
  <data>
    1.68157458e-01 1.34141877e-01 1.67390242e-01 2.31849656e-01
    5.15669465e-01 4.09188926e-01 3.55557650e-01 2.43698180e-01
    2.38563344e-01 3.51915032e-01 3.47698450e-01 3.65215719e-01
    2.59780854e-01 1.90938935e-01 2.41274714e-01 2.61962116e-01
    3.58644277e-01 2.48583779e-01 2.33159259e-01 5.37862420e-01
    2.77455032e-01 1.66007549e-01 2.81858712e-01 3.17727774e-01
    3.26892018e-01 2.32044399e-01 2.26282448e-01 2.48503208e-01
    2.55838543e-01 2.64009625e-01 2.57766932e-01 2.48066783e-01
    2.35786840e-01 1.89434066e-01 1.94530934e-01 3.15297276e-01
    3.45787168e-01 3.52372348e-01 1.90440834e-01 2.13280663e-01</data></Per_View_Reprojection_Errors>
<!-- a set of 6-tuples (rotation vector + translation vector) for each view -->
<Extrinsic_Parameters type_id="opencv-matrix">
  <rows>40</rows>
  <cols>6</cols>
  <dt>d</dt>
  <data>
    -1.6493262165355085e-01 -6.7524268449001057e-02
    -9.0675359783366882e-02 -2.6971784315227211e+01
    -1.1860862793715260e+02 5.3035002240902452e+02
    -6.6721431464950118e-02 -6.4304506351814589e-02
    -1.0289806078814440e-01 -2.8662906206899983e+01
    -1.0825454093277662e+02 5.2208520106458946e+02
    -5.9863650562637753e-02 -6.6156292017454654e-02
    -1.2773115663424869e-01 -3.3351137537180094e+01
    -9.8475368734479872e+01 5.2127538771674710e+02
    1.7127087930293688e-02 1.6362730497081082e-01
    -4.1342985665630098e-02 -1.0648229274339235e+01
    -1.0627653595529081e+02 5.3313612210862027e+02
    -8.2508270469636158e-02 2.8467079682334939e-01
    -2.5102355191180109e-01 -1.5435883187371291e+00
    -6.7954278732595654e+01 5.4624105736748629e+02
    -2.3297446026639265e-01 -6.3533477094306831e-02
    -1.2199376958061504e-01 1.6515825699293533e+01
    -6.7541407093081915e+01 5.1165667397105182e+02
    -2.8937521047058495e-01 -4.5934288051192551e-01
    -2.1178449761631590e-01 -3.1820082037978601e+00
    -7.5416189917566072e+01 4.8780173008810647e+02
    -2.5733377581226458e-01 -2.9685665502926262e-01
    -1.8565561373978906e-01 2.7516581069101161e+01
    -1.0026375484140705e+02 5.1305048819820797e+02
    -2.1858877448975203e-01 -2.9872815525745039e-01
    -2.7215771413905859e-01 1.9357525912891140e+00
    -8.5224467230383951e+01 4.9493944733411541e+02
    -2.4499054242624432e-01 -9.8347890364067797e-02
    -3.3033146979659184e-01 1.0934316305959317e+01
    -7.3061960326400140e+01 4.9506841647210024e+02
    -5.2142570547292300e-01 -3.7067119724201965e-02
    -1.0356245171459306e+00 3.4765687481064155e+01
    7.8996940590232569e+01 4.5530963845305860e+02
    -1.9799721363204978e-01 9.7768320573611234e-02
    1.2185504523410694e-01 7.7950089638336777e+01
    -9.8766748210082454e+01 5.3097268375367219e+02
    -3.1006703535917662e-01 -9.5569656482188015e-02
    -9.8052788065582774e-03 -8.4537913438243834e+01
    -3.5310822627347811e+01 6.2234042654685982e+02
    -3.1256103603045632e-01 -1.4513600865509882e-01
    -6.2325027364494461e-02 -1.0297447640665227e+02
    -2.5549349505977620e+01 6.1047424053694408e+02
    -3.1564529704086675e-01 -4.9489056447047548e-02
    -9.4313513789671850e-03 -9.8398510134283839e+01
    -2.8524684772981477e+01 6.1236115716112806e+02
    -3.5644905123838994e-01 1.6788130039170518e-01
    5.7542780058916073e-03 -8.9720468258912021e+01
    -3.6248319560648433e+01 6.4031121157595089e+02
    -2.4924083429502053e-01 1.5837767453501780e-01
    4.8613247847204477e-01 -5.2928781291848161e+01
    -9.2990570503811753e+01 6.3505812974982541e+02
    -1.9800662227112728e-01 1.5240926653620787e-01
    8.0615553670607232e-01 -1.8138586167807500e+01
    -1.2665428659785641e+02 6.2729503127558792e+02
    -2.4000048864963636e-01 1.4664999666160958e-01
    9.9456980549669793e-01 3.7319694978595623e+00
    -1.3545017425116507e+02 6.2766562199181124e+02
    -2.2511152463327938e-01 4.7290959385834136e-02
    5.0840305325904223e-01 -5.5808427276798902e+01
    -1.2248333117156697e+02 6.1992307038932063e+02
    -3.7239026256890401e-01 -1.0039048557213974e-01
    -1.1222820767039611e-01 -9.9545776745494720e+01
    -3.9710442985130918e+01 6.1008396780506484e+02
    -5.4448717337375818e-01 4.0489524620031879e-02
    -3.7612271078917914e-01 -9.7094691410754592e+01
    6.5679834659594141e+00 6.5869483144811340e+02
    -6.5938547117789081e-01 3.2631429130091705e-01
    -2.8062571473376208e-01 -8.3533526205008144e+01
    2.0204225369247389e+01 7.0673970533558088e+02
    -6.9208616568758963e-01 4.8855926687356149e-01
    -1.5129971992385438e-01 -6.4822895625576066e+01
    2.9210003947425292e+01 7.0892921886306794e+02
    -6.8470733417615415e-01 3.3663419546225881e-01
    -7.3772756706153519e-02 -6.5370967948886502e+01
    2.0084564368018899e+01 6.9283139184633842e+02
    -6.7773363567275358e-01 -4.6206223586308902e-03
    7.1356632577600582e-02 -5.9992839930774430e+01
    -8.8676607637752909e+00 6.5385961447128511e+02
    -6.7490945477426845e-01 -8.0304984480726330e-02
    9.7695194790541437e-02 -5.5425219448200565e+01
    -1.4916350831061870e+01 6.4394154080945134e+02
    -6.6198086742849338e-01 -2.1530881187358031e-01
    1.1219755801281650e-01 -4.9317689736681274e+01
    -2.8017144536337792e+01 6.2669869067742513e+02
    -6.4543994970944707e-01 -2.9386131467667403e-01
    9.4242218024234173e-02 -5.3063370741289091e+01
    -3.2280203738421811e+01 6.1493748598008779e+02
    -6.1026831099616707e-01 -3.2904941001150806e-01
    6.3193837537015934e-02 -6.3461996734337859e+01
    -3.6481431671760291e+01 6.0241392793744205e+02
    -6.0757819303159066e-01 -2.4698806539376919e-01
    5.2944374668768154e-02 -6.8098889526832522e+01
    -3.5858828359880384e+01 6.1022650557377881e+02
    -6.1016236424423254e-01 -2.2062097659848584e-01
    4.3143444405369387e-02 -6.9616153177982341e+01
    -3.5069809297966295e+01 6.1282520666998062e+02
    -6.1317021433120700e-01 -1.6670054739134749e-01
    2.0110930463788958e-02 -7.2972115446504674e+01
    -3.2592559519843512e+01 6.1791232479950077e+02
    -6.1419637960195483e-01 -3.9656584976024797e-02
    -1.4706112733088840e-02 -8.3074742372552549e+01
    -2.7175771788254483e+01 6.3145380239857377e+02
    -3.7359316109212942e-01 1.0426532926432434e-01
    -8.7977600362444952e-03 -8.4491964873228412e+01
    -3.5277375392664631e+01 6.4396269353740695e+02
    -1.2294494361432015e-01 7.4723320880735966e-02
    -2.7702984757843235e-01 -9.1801048174742789e+01
    -5.0568303324145809e+01 6.1830350335872652e+02
    -1.9556630210767281e-01 -3.6161125338136989e-03
    -6.2078219569058812e-01 -9.7350093813071055e+01
    -3.4345473836231015e+00 6.0850473984164535e+02
    -2.6660526654429112e-01 -9.5138092432122248e-02
    -8.1503813847450668e-01 -9.9844760573503891e+01
    4.0283389458846301e+01 5.9820050247551978e+02
    -3.3197064812812477e-01 -3.4750203793657375e-01
    -1.2189932557838581e+00 -9.0434132560245700e+01
    9.3863562660324945e+01 5.8795575532390956e+02
    -3.5383472482965850e-01 -3.7617654853996996e-01
    -1.2890032198036587e+00 -8.8832994509623106e+01
